0 4 28
0 1 46
0 2 6
0 7 4
0 3 12
0 6 2
0 5 6
1 4 103
1 3 42
1 1 52
1 11 7
1 6 5
1 12 7
1 10 2
1 8 2
1 7 1
1 9 1
2 4 158
2 13 11
2 3 11
2 1 8
2 15 6
2 11 5
2 12 5
2 5 9
2 14 2
2 10 1
2 2 1
3 4 142
3 15 13
3 1 12
3 11 5
3 12 16
3 5 3
4 4 128
4 6 2
4 12 6
4 15 2
4 11 2
5 4 140
5 15 12
5 5 8
5 6 1
5 16 1
6 4 38
6 5 8
6 15 5
7 4 24
8 4 14
8 16 4
8 3 2
8 17 1
9 16 11
9 4 2
10 16 22
10 20 18
10 19 6
10 18 1
11 20 101
11 16 18
12 20 45
12 16 9
13 20 38
13 16 18
14 20 81
14 16 15
15 20 297
15 16 34
15 21 18
16 20 420
16 21 37
16 16 17
17 20 438
17 21 14
17 22 6
18 20 214
18 21 49
18 22 10
18 23 4
18 6 5
19 20 250
19 22 11
19 16 9
19 21 6
19 24 2
20 20 120
20 21 21
20 24 2
21 20 76
21 21 36
21 24 8
21 16 11
22 20 17
22 21 2
23 20 42
23 16 3
24 21 19
24 20 8
25 20 18
25 16 9
26 20 8
27 20 2
