0 0 104.0
0 1 203.0
0 2 187.0
0 3 157.0
0 4 130.0
0 5 149.0
0 6 46.0
0 7 24.0
0 8 16.0
0 9 2.0
0 10 0.0
0 11 0.0
0 12 0.0
0 13 0.0
0 14 0.0
0 15 0.0
0 16 0.0
0 17 0.0
0 18 5.0
0 19 0.0
0 20 0.0
0 21 0.0
0 22 0.0
0 23 0.0
0 24 0.0
0 25 0.0
0 26 0.0

1 0 92.0
1 1 222.0
1 2 188.0
1 3 175.0
1 4 138.0
1 5 141.0
1 6 38.0
1 7 24.0
1 8 16.0
1 9 2.0
1 10 0.0
1 11 0.0
1 12 0.0
1 13 0.0
1 14 0.0
1 15 0.0
1 16 0.0
1 17 0.0
1 18 5.0
1 19 0.0
1 20 0.0
1 21 0.0
1 22 0.0
1 23 0.0
1 24 0.0
1 25 0.0
1 26 0.0

2 0 98.0
2 1 213.0
2 2 217.0
2 3 191.0
2 4 138.0
2 5 160.0
2 6 51.0
2 7 24.0
2 8 16.0
2 9 2.0
2 10 0.0
2 11 0.0
2 12 0.0
2 13 0.0
2 14 0.0
2 15 0.0
2 16 0.0
2 17 0.0
2 18 0.0
2 19 0.0
2 20 0.0
2 21 0.0
2 22 0.0
2 23 0.0
2 24 0.0
2 25 0.0
2 26 0.0

3 0 80.0
3 1 169.0
3 2 191.0
3 3 191.0
3 4 138.0
3 5 160.0
3 6 51.0
3 7 24.0
3 8 14.0
3 9 2.0
3 10 0.0
3 11 0.0
3 12 0.0
3 13 0.0
3 14 0.0
3 15 0.0
3 16 0.0
3 17 0.0
3 18 0.0
3 19 0.0
3 20 0.0
3 21 0.0
3 22 0.0
3 23 0.0
3 24 0.0
3 25 0.0
3 26 0.0

4 0 30.0
4 1 122.0
4 2 174.0
4 3 176.0
4 4 140.0
4 5 153.0
4 6 43.0
4 7 24.0
4 8 14.0
4 9 2.0
4 10 0.0
4 11 0.0
4 12 0.0
4 13 0.0
4 14 0.0
4 15 0.0
4 16 0.0
4 17 0.0
4 18 5.0
4 19 0.0
4 20 0.0
4 21 0.0
4 22 0.0
4 23 0.0
4 24 0.0
4 25 0.0
4 26 0.0

5 0 36.0
5 1 108.0
5 2 173.0
5 3 158.0
5 4 132.0
5 5 162.0
5 6 51.0
5 7 24.0
5 8 18.0
5 9 13.0
5 10 22.0
5 11 18.0
5 12 9.0
5 13 18.0
5 14 15.0
5 15 34.0
5 16 17.0
5 17 0.0
5 18 5.0
5 19 9.0
5 20 0.0
5 21 11.0
5 22 0.0
5 23 3.0
5 24 0.0
5 25 9.0
5 26 0.0

6 0 34.0
6 1 103.0
6 2 173.0
6 3 158.0
6 4 130.0
6 5 160.0
6 6 51.0
6 7 24.0
6 8 14.0
6 9 2.0
6 10 0.0
6 11 0.0
6 12 0.0
6 13 0.0
6 14 0.0
6 15 0.0
6 16 0.0
6 17 0.0
6 18 0.0
6 19 0.0
6 20 0.0
6 21 0.0
6 22 0.0
6 23 0.0
6 24 0.0
6 25 0.0
6 26 0.0

7 0 28.0
7 1 103.0
7 2 158.0
7 3 142.0
7 4 128.0
7 5 140.0
7 6 38.0
7 7 24.0
7 8 14.0
7 9 2.0
7 10 0.0
7 11 0.0
7 12 0.0
7 13 0.0
7 14 0.0
7 15 0.0
7 16 0.0
7 17 0.0
7 18 0.0
7 19 0.0
7 20 0.0
7 21 0.0
7 22 0.0
7 23 0.0
7 24 0.0
7 25 0.0
7 26 0.0

8 0 40.0
8 1 145.0
8 2 169.0
8 3 142.0
8 4 128.0
8 5 141.0
8 6 38.0
8 7 24.0
8 8 21.0
8 9 13.0
8 10 22.0
8 11 18.0
8 12 9.0
8 13 18.0
8 14 15.0
8 15 34.0
8 16 17.0
8 17 0.0
8 18 0.0
8 19 9.0
8 20 0.0
8 21 11.0
8 22 0.0
8 23 3.0
8 24 0.0
8 25 9.0
8 26 0.0

9 0 28.0
9 1 103.0
9 2 158.0
9 3 142.0
9 4 128.0
9 5 141.0
9 6 38.0
9 7 24.0
9 8 18.0
9 9 13.0
9 10 22.0
9 11 18.0
9 12 9.0
9 13 18.0
9 14 15.0
9 15 34.0
9 16 17.0
9 17 0.0
9 18 0.0
9 19 9.0
9 20 0.0
9 21 11.0
9 22 0.0
9 23 3.0
9 24 0.0
9 25 9.0
9 26 0.0

10 0 0.0
10 1 0.0
10 2 0.0
10 3 0.0
10 4 0.0
10 5 1.0
10 6 0.0
10 7 0.0
10 8 4.0
10 9 11.0
10 10 47.0
10 11 119.0
10 12 54.0
10 13 56.0
10 14 96.0
10 15 331.0
10 16 437.0
10 17 438.0
10 18 214.0
10 19 259.0
10 20 120.0
10 21 87.0
10 22 17.0
10 23 45.0
10 24 8.0
10 25 27.0
10 26 8.0

11 0 0.0
11 1 0.0
11 2 0.0
11 3 0.0
11 4 0.0
11 5 1.0
11 6 0.0
11 7 0.0
11 8 4.0
11 9 11.0
11 10 40.0
11 11 119.0
11 12 54.0
11 13 56.0
11 14 96.0
11 15 331.0
11 16 437.0
11 17 438.0
11 18 214.0
11 19 259.0
11 20 120.0
11 21 87.0
11 22 17.0
11 23 45.0
11 24 8.0
11 25 27.0
11 26 8.0

12 0 0.0
12 1 0.0
12 2 0.0
12 3 0.0
12 4 0.0
12 5 1.0
12 6 0.0
12 7 0.0
12 8 4.0
12 9 11.0
12 10 40.0
12 11 119.0
12 12 54.0
12 13 56.0
12 14 96.0
12 15 331.0
12 16 437.0
12 17 438.0
12 18 214.0
12 19 259.0
12 20 120.0
12 21 87.0
12 22 17.0
12 23 45.0
12 24 8.0
12 25 27.0
12 26 8.0

13 0 0.0
13 1 0.0
13 2 0.0
13 3 0.0
13 4 0.0
13 5 1.0
13 6 0.0
13 7 0.0
13 8 4.0
13 9 11.0
13 10 40.0
13 11 119.0
13 12 54.0
13 13 56.0
13 14 96.0
13 15 331.0
13 16 437.0
13 17 438.0
13 18 214.0
13 19 259.0
13 20 120.0
13 21 87.0
13 22 17.0
13 23 45.0
13 24 8.0
13 25 27.0
13 26 8.0

14 0 0.0
14 1 0.0
14 2 0.0
14 3 0.0
14 4 0.0
14 5 1.0
14 6 0.0
14 7 0.0
14 8 4.0
14 9 11.0
14 10 40.0
14 11 119.0
14 12 54.0
14 13 56.0
14 14 96.0
14 15 331.0
14 16 437.0
14 17 438.0
14 18 214.0
14 19 259.0
14 20 120.0
14 21 87.0
14 22 17.0
14 23 45.0
14 24 8.0
14 25 27.0
14 26 8.0

15 0 0.0
15 1 0.0
15 2 0.0
15 3 0.0
15 4 0.0
15 5 1.0
15 6 0.0
15 7 0.0
15 8 4.0
15 9 11.0
15 10 40.0
15 11 119.0
15 12 54.0
15 13 56.0
15 14 96.0
15 15 349.0
15 16 474.0
15 17 452.0
15 18 263.0
15 19 265.0
15 20 141.0
15 21 123.0
15 22 19.0
15 23 45.0
15 24 27.0
15 25 27.0
15 26 8.0

16 0 0.0
16 1 0.0
16 2 0.0
16 3 0.0
16 4 0.0
16 5 1.0
16 6 0.0
16 7 0.0
16 8 4.0
16 9 11.0
16 10 40.0
16 11 119.0
16 12 54.0
16 13 56.0
16 14 96.0
16 15 349.0
16 16 474.0
16 17 452.0
16 18 263.0
16 19 265.0
16 20 141.0
16 21 123.0
16 22 19.0
16 23 45.0
16 24 27.0
16 25 27.0
16 26 8.0

17 0 0.0
17 1 0.0
17 2 0.0
17 3 0.0
17 4 0.0
17 5 0.0
17 6 0.0
17 7 0.0
17 8 0.0
17 9 0.0
17 10 18.0
17 11 101.0
17 12 45.0
17 13 38.0
17 14 81.0
17 15 315.0
17 16 457.0
17 17 458.0
17 18 273.0
17 19 267.0
17 20 141.0
17 21 112.0
17 22 19.0
17 23 42.0
17 24 27.0
17 25 18.0
17 26 8.0

18 0 2.0
18 1 5.0
18 2 0.0
18 3 0.0
18 4 2.0
18 5 1.0
18 6 0.0
18 7 0.0
18 8 0.0
18 9 0.0
18 10 18.0
18 11 101.0
18 12 45.0
18 13 38.0
18 14 81.0
18 15 315.0
18 16 457.0
18 17 458.0
18 18 282.0
18 19 267.0
18 20 141.0
18 21 112.0
18 22 19.0
18 23 42.0
18 24 27.0
18 25 18.0
18 26 8.0

19 0 0.0
19 1 0.0
19 2 0.0
19 3 0.0
19 4 0.0
19 5 1.0
19 6 0.0
19 7 0.0
19 8 4.0
19 9 11.0
19 10 40.0
19 11 119.0
19 12 54.0
19 13 56.0
19 14 96.0
19 15 349.0
19 16 474.0
19 17 458.0
19 18 273.0
19 19 278.0
19 20 143.0
19 21 131.0
19 22 19.0
19 23 45.0
19 24 27.0
19 25 27.0
19 26 8.0

20 0 0.0
20 1 0.0
20 2 0.0
20 3 0.0
20 4 0.0
20 5 0.0
20 6 0.0
20 7 0.0
20 8 0.0
20 9 0.0
20 10 18.0
20 11 101.0
20 12 45.0
20 13 38.0
20 14 81.0
20 15 315.0
20 16 457.0
20 17 452.0
20 18 263.0
20 19 258.0
20 20 143.0
20 21 120.0
20 22 19.0
20 23 42.0
20 24 27.0
20 25 18.0
20 26 8.0

21 0 0.0
21 1 0.0
21 2 0.0
21 3 0.0
21 4 0.0
21 5 1.0
21 6 0.0
21 7 0.0
21 8 4.0
21 9 11.0
21 10 40.0
21 11 119.0
21 12 54.0
21 13 56.0
21 14 96.0
21 15 349.0
21 16 474.0
21 17 452.0
21 18 263.0
21 19 267.0
21 20 143.0
21 21 131.0
21 22 19.0
21 23 45.0
21 24 27.0
21 25 27.0
21 26 8.0

22 0 0.0
22 1 0.0
22 2 0.0
22 3 0.0
22 4 0.0
22 5 0.0
22 6 0.0
22 7 0.0
22 8 0.0
22 9 0.0
22 10 18.0
22 11 101.0
22 12 45.0
22 13 38.0
22 14 81.0
22 15 315.0
22 16 457.0
22 17 452.0
22 18 263.0
22 19 256.0
22 20 141.0
22 21 112.0
22 22 19.0
22 23 42.0
22 24 27.0
22 25 18.0
22 26 8.0

23 0 0.0
23 1 0.0
23 2 0.0
23 3 0.0
23 4 0.0
23 5 1.0
23 6 0.0
23 7 0.0
23 8 4.0
23 9 11.0
23 10 40.0
23 11 119.0
23 12 54.0
23 13 56.0
23 14 96.0
23 15 331.0
23 16 437.0
23 17 438.0
23 18 214.0
23 19 259.0
23 20 120.0
23 21 87.0
23 22 17.0
23 23 45.0
23 24 8.0
23 25 27.0
23 26 8.0

24 0 0.0
24 1 0.0
24 2 0.0
24 3 0.0
24 4 0.0
24 5 0.0
24 6 0.0
24 7 0.0
24 8 0.0
24 9 0.0
24 10 18.0
24 11 101.0
24 12 45.0
24 13 38.0
24 14 81.0
24 15 315.0
24 16 457.0
24 17 452.0
24 18 263.0
24 19 256.0
24 20 141.0
24 21 112.0
24 22 19.0
24 23 42.0
24 24 27.0
24 25 18.0
24 26 8.0

25 0 0.0
25 1 0.0
25 2 0.0
25 3 0.0
25 4 0.0
25 5 1.0
25 6 0.0
25 7 0.0
25 8 4.0
25 9 11.0
25 10 40.0
25 11 119.0
25 12 54.0
25 13 56.0
25 14 96.0
25 15 331.0
25 16 437.0
25 17 438.0
25 18 214.0
25 19 259.0
25 20 120.0
25 21 87.0
25 22 17.0
25 23 45.0
25 24 8.0
25 25 27.0
25 26 8.0

26 0 0.0
26 1 0.0
26 2 0.0
26 3 0.0
26 4 0.0
26 5 0.0
26 6 0.0
26 7 0.0
26 8 0.0
26 9 0.0
26 10 18.0
26 11 101.0
26 12 45.0
26 13 38.0
26 14 81.0
26 15 297.0
26 16 420.0
26 17 438.0
26 18 214.0
26 19 250.0
26 20 120.0
26 21 76.0
26 22 17.0
26 23 42.0
26 24 8.0
26 25 18.0
26 26 8.0

