0 4 87
0 1 94
0 3 29
0 6 4
0 2 6
0 7 4
0 5 6
1 4 202
1 3 36
1 13 11
1 11 12
1 1 12
1 12 12
1 15 6
1 10 3
1 5 9
1 6 3
1 8 2
1 14 2
1 7 1
1 2 1
1 9 1
2 4 210
2 15 15
2 1 12
2 12 22
2 11 7
2 5 3
2 6 2
3 4 200
3 15 12
3 5 8
3 6 1
3 16 1
4 4 49
4 5 8
4 15 5
5 4 27
5 16 4
5 3 2
5 17 1
6 16 23
6 4 2
6 19 4
6 18 1
7 20 119
7 16 28
7 19 2
8 20 54
8 16 17
9 20 110
9 16 25
10 20 503
10 21 55
10 16 38
11 20 652
11 21 14
11 16 13
11 22 6
12 20 318
12 21 53
12 22 19
12 23 4
12 6 5
12 24 2
13 20 266
13 21 23
13 16 9
13 22 2
13 24 2
14 20 76
14 21 36
14 24 8
14 16 11
15 20 59
15 16 3
15 21 2
16 20 26
16 21 19
16 16 3
17 20 8
17 16 6
18 20 2
