0 0 230.0
0 1 264.0
0 2 227.0
0 3 209.0
0 4 57.0
0 5 29.0
0 6 2.0
0 7 0.0
0 8 0.0
0 9 0.0
0 10 0.0
0 11 0.0
0 12 5.0
0 13 0.0
0 14 0.0
0 15 0.0
0 16 0.0
0 17 0.0

1 0 230.0
1 1 313.0
1 2 271.0
1 3 221.0
1 4 62.0
1 5 29.0
1 6 2.0
1 7 0.0
1 8 0.0
1 9 0.0
1 10 0.0
1 11 0.0
1 12 5.0
1 13 0.0
1 14 0.0
1 15 0.0
1 16 0.0
1 17 0.0

2 0 191.0
2 1 256.0
2 2 271.0
2 3 221.0
2 4 62.0
2 5 27.0
2 6 2.0
2 7 0.0
2 8 0.0
2 9 0.0
2 10 0.0
2 11 0.0
2 12 5.0
2 13 0.0
2 14 0.0
2 15 0.0
2 16 0.0
2 17 0.0

3 0 97.0
3 1 220.0
3 2 230.0
3 3 222.0
3 4 62.0
3 5 31.0
3 6 25.0
3 7 28.0
3 8 17.0
3 9 25.0
3 10 38.0
3 11 13.0
3 12 5.0
3 13 9.0
3 14 11.0
3 15 3.0
3 16 3.0
3 17 6.0

4 0 93.0
4 1 217.0
4 2 228.0
4 3 220.0
4 4 62.0
4 5 27.0
4 6 2.0
4 7 0.0
4 8 0.0
4 9 0.0
4 10 0.0
4 11 0.0
4 12 0.0
4 13 0.0
4 14 0.0
4 15 0.0
4 16 0.0
4 17 0.0

5 0 116.0
5 1 238.0
5 2 210.0
5 3 201.0
5 4 49.0
5 5 34.0
5 6 25.0
5 7 28.0
5 8 17.0
5 9 25.0
5 10 38.0
5 11 13.0
5 12 0.0
5 13 9.0
5 14 11.0
5 15 3.0
5 16 3.0
5 17 6.0

6 0 87.0
6 1 202.0
6 2 210.0
6 3 201.0
6 4 49.0
6 5 31.0
6 6 30.0
6 7 30.0
6 8 17.0
6 9 25.0
6 10 38.0
6 11 13.0
6 12 0.0
6 13 9.0
6 14 11.0
6 15 3.0
6 16 3.0
6 17 6.0

7 0 0.0
7 1 0.0
7 2 0.0
7 3 1.0
7 4 0.0
7 5 4.0
7 6 27.0
7 7 149.0
7 8 71.0
7 9 135.0
7 10 541.0
7 11 665.0
7 12 318.0
7 13 275.0
7 14 87.0
7 15 62.0
7 16 29.0
7 17 14.0

8 0 0.0
8 1 0.0
8 2 0.0
8 3 1.0
8 4 0.0
8 5 4.0
8 6 23.0
8 7 147.0
8 8 71.0
8 9 135.0
8 10 541.0
8 11 665.0
8 12 318.0
8 13 275.0
8 14 87.0
8 15 62.0
8 16 29.0
8 17 14.0

9 0 0.0
9 1 0.0
9 2 0.0
9 3 1.0
9 4 0.0
9 5 4.0
9 6 23.0
9 7 147.0
9 8 71.0
9 9 135.0
9 10 541.0
9 11 665.0
9 12 318.0
9 13 275.0
9 14 87.0
9 15 62.0
9 16 29.0
9 17 14.0

10 0 0.0
10 1 0.0
10 2 0.0
10 3 1.0
10 4 0.0
10 5 4.0
10 6 23.0
10 7 147.0
10 8 71.0
10 9 135.0
10 10 596.0
10 11 679.0
10 12 371.0
10 13 298.0
10 14 123.0
10 15 64.0
10 16 48.0
10 17 14.0

11 0 0.0
11 1 0.0
11 2 0.0
11 3 1.0
11 4 0.0
11 5 4.0
11 6 23.0
11 7 147.0
11 8 71.0
11 9 135.0
11 10 596.0
11 11 685.0
11 12 390.0
11 13 300.0
11 14 123.0
11 15 64.0
11 16 48.0
11 17 14.0

12 0 4.0
12 1 3.0
12 2 2.0
12 3 1.0
12 4 0.0
12 5 0.0
12 6 0.0
12 7 119.0
12 8 54.0
12 9 110.0
12 10 558.0
12 11 672.0
12 12 401.0
12 13 293.0
12 14 120.0
12 15 61.0
12 16 45.0
12 17 8.0

13 0 0.0
13 1 0.0
13 2 0.0
13 3 1.0
13 4 0.0
13 5 4.0
13 6 23.0
13 7 147.0
13 8 71.0
13 9 135.0
13 10 596.0
13 11 685.0
13 12 392.0
13 13 302.0
13 14 131.0
13 15 64.0
13 16 48.0
13 17 14.0

14 0 0.0
14 1 0.0
14 2 0.0
14 3 1.0
14 4 0.0
14 5 4.0
14 6 23.0
14 7 147.0
14 8 71.0
14 9 135.0
14 10 596.0
14 11 679.0
14 12 373.0
14 13 300.0
14 14 131.0
14 15 64.0
14 16 48.0
14 17 14.0

15 0 0.0
15 1 0.0
15 2 0.0
15 3 1.0
15 4 0.0
15 5 4.0
15 6 23.0
15 7 147.0
15 8 71.0
15 9 135.0
15 10 596.0
15 11 679.0
15 12 371.0
15 13 298.0
15 14 123.0
15 15 64.0
15 16 48.0
15 17 14.0

16 0 0.0
16 1 0.0
16 2 0.0
16 3 1.0
16 4 0.0
16 5 4.0
16 6 23.0
16 7 147.0
16 8 71.0
16 9 135.0
16 10 596.0
16 11 679.0
16 12 371.0
16 13 298.0
16 14 123.0
16 15 64.0
16 16 48.0
16 17 14.0

17 0 0.0
17 1 0.0
17 2 0.0
17 3 1.0
17 4 0.0
17 5 4.0
17 6 23.0
17 7 147.0
17 8 71.0
17 9 135.0
17 10 541.0
17 11 665.0
17 12 318.0
17 13 275.0
17 14 87.0
17 15 62.0
17 16 29.0
17 17 14.0

