0 1 809
0 13 37
0 5 49
0 4 57
0 46 14
1 5 643
1 1 213
1 13 33
1 23 95
1 73 5
1 80 11
1 102 7
1 37 13
1 101 4
1 46 3
1 47 1
2 5 938
2 13 13
2 23 41
2 46 28
2 67 13
2 102 1
3 5 738
3 13 21
3 67 6
3 45 2
3 23 4
4 5 833
4 13 43
4 118 25
4 23 6
4 67 5
5 5 956
5 13 11
6 5 843
6 224 158
6 13 2
7 5 1030
7 224 278
7 118 118
7 298 101
7 135 45
7 13 10
7 237 14
8 5 843
8 224 135
8 298 129
8 13 26
8 232 24
8 135 27
8 311 4
8 237 2
9 5 740
9 224 178
9 13 48
9 135 29
9 298 15
9 54 15
9 237 3
10 5 800
10 224 195
10 13 36
10 118 19
10 135 10
10 298 2
11 5 810
11 13 39
11 224 65
11 1 5
11 298 13
11 319 1
12 5 680
12 227 38
12 13 19
12 224 16
13 5 901
13 224 116
13 118 19
13 13 14
14 5 470
14 224 126
14 13 45
14 118 8
14 145 9
15 5 843
15 118 23
15 227 28
15 13 5
15 224 9
15 145 11
16 5 685
16 118 20
16 13 21
16 224 10
16 504 45
17 5 498
17 118 21
17 224 28
17 13 10
17 504 10
17 991 1
17 989 2
18 5 567
18 118 32
18 13 12
18 227 3
18 224 5
18 179 8
18 504 9
19 5 919
19 224 27
19 118 22
19 13 21
19 529 16
19 530 12
19 993 9
19 504 11
20 5 512
20 118 7
20 13 2
20 504 3
20 991 1
21 5 703
21 684 18
21 118 18
21 504 2
22 5 537
22 684 29
22 13 5
22 530 2
22 118 2
22 504 5
23 5 552
23 530 61
23 179 3
23 684 27
23 13 4
23 118 2
23 504 2
24 5 645
24 118 9
24 13 4
24 684 2
24 530 7
25 5 548
25 13 10
25 118 4
25 684 6
26 5 575
26 684 33
26 118 4
26 13 1
27 5 544
27 13 9
27 118 6
27 867 23
27 530 5
27 684 4
27 1000 3
27 602 2
28 5 584
28 118 13
28 179 5
28 684 4
28 867 24
28 13 1
28 822 17
28 1016 2
28 1000 8
28 1017 2
28 602 1
28 898 1
28 1011 2
28 988 1
29 5 688
29 118 38
29 684 3
29 13 1
29 530 9
29 867 13
29 822 5
29 1017 6
29 602 6
29 980 2
30 5 331
30 179 122
30 684 3
30 118 9
30 822 1
30 1017 2
30 867 1
30 602 1
