0 0 966.0
0 1 892.0
0 2 979.0
0 3 759.0
0 4 876.0
0 5 967.0
0 6 845.0
0 7 1040.0
0 8 869.0
0 9 788.0
0 10 836.0
0 11 854.0
0 12 699.0
0 13 915.0
0 14 515.0
0 15 848.0
0 16 706.0
0 17 508.0
0 18 579.0
0 19 940.0
0 20 514.0
0 21 703.0
0 22 542.0
0 23 556.0
0 24 649.0
0 25 558.0
0 26 576.0
0 27 553.0
0 28 585.0
0 29 689.0

1 0 909.0
1 1 1028.0
1 2 1021.0
1 3 763.0
1 4 882.0
1 5 967.0
1 6 845.0
1 7 1040.0
1 8 869.0
1 9 788.0
1 10 836.0
1 11 854.0
1 12 699.0
1 13 915.0
1 14 515.0
1 15 848.0
1 16 706.0
1 17 508.0
1 18 579.0
1 19 940.0
1 20 514.0
1 21 703.0
1 22 542.0
1 23 556.0
1 24 649.0
1 25 558.0
1 26 576.0
1 27 553.0
1 28 585.0
1 29 689.0

2 0 100.0
2 1 781.0
2 2 1034.0
2 3 769.0
2 4 887.0
2 5 967.0
2 6 845.0
2 7 1040.0
2 8 869.0
2 9 788.0
2 10 836.0
2 11 849.0
2 12 699.0
2 13 915.0
2 14 515.0
2 15 848.0
2 16 706.0
2 17 508.0
2 18 579.0
2 19 940.0
2 20 514.0
2 21 703.0
2 22 542.0
2 23 556.0
2 24 649.0
2 25 558.0
2 26 576.0
2 27 553.0
2 28 585.0
2 29 689.0

3 0 86.0
3 1 771.0
3 2 1005.0
3 3 771.0
3 4 887.0
3 5 967.0
3 6 845.0
3 7 1040.0
3 8 869.0
3 9 788.0
3 10 836.0
3 11 849.0
3 12 699.0
3 13 915.0
3 14 515.0
3 15 848.0
3 16 706.0
3 17 508.0
3 18 579.0
3 19 940.0
3 20 514.0
3 21 703.0
3 22 542.0
3 23 556.0
3 24 649.0
3 25 558.0
3 26 576.0
3 27 553.0
3 28 585.0
3 29 689.0

4 0 86.0
4 1 771.0
4 2 1005.0
4 3 769.0
4 4 912.0
4 5 967.0
4 6 845.0
4 7 1158.0
4 8 869.0
4 9 788.0
4 10 855.0
4 11 849.0
4 12 699.0
4 13 934.0
4 14 523.0
4 15 871.0
4 16 726.0
4 17 529.0
4 18 611.0
4 19 962.0
4 20 521.0
4 21 721.0
4 22 544.0
4 23 558.0
4 24 658.0
4 25 562.0
4 26 580.0
4 27 559.0
4 28 598.0
4 29 727.0

5 0 86.0
5 1 676.0
5 2 951.0
5 3 759.0
5 4 876.0
5 5 967.0
5 6 845.0
5 7 1040.0
5 8 869.0
5 9 788.0
5 10 836.0
5 11 849.0
5 12 699.0
5 13 915.0
5 14 515.0
5 15 848.0
5 16 706.0
5 17 508.0
5 18 579.0
5 19 940.0
5 20 514.0
5 21 703.0
5 22 542.0
5 23 556.0
5 24 649.0
5 25 558.0
5 26 576.0
5 27 553.0
5 28 585.0
5 29 689.0

6 0 86.0
6 1 676.0
6 2 951.0
6 3 759.0
6 4 876.0
6 5 967.0
6 6 1003.0
6 7 1318.0
6 8 1004.0
6 9 966.0
6 10 1031.0
6 11 914.0
6 12 715.0
6 13 1031.0
6 14 641.0
6 15 857.0
6 16 716.0
6 17 536.0
6 18 584.0
6 19 967.0
6 20 514.0
6 21 703.0
6 22 542.0
6 23 556.0
6 24 649.0
6 25 558.0
6 26 576.0
6 27 553.0
6 28 585.0
6 29 689.0

7 0 86.0
7 1 676.0
7 2 951.0
7 3 759.0
7 4 901.0
7 5 967.0
7 6 1003.0
7 7 1596.0
7 8 1162.0
7 9 1013.0
7 10 1062.0
7 11 927.0
7 12 715.0
7 13 1050.0
7 14 649.0
7 15 880.0
7 16 736.0
7 17 557.0
7 18 616.0
7 19 989.0
7 20 521.0
7 21 721.0
7 22 544.0
7 23 558.0
7 24 658.0
7 25 562.0
7 26 580.0
7 27 559.0
7 28 598.0
7 29 727.0

8 0 86.0
8 1 676.0
8 2 951.0
8 3 759.0
8 4 876.0
8 5 967.0
8 6 1003.0
8 7 1478.0
8 8 1190.0
8 9 1013.0
8 10 1043.0
8 11 927.0
8 12 715.0
8 13 1031.0
8 14 641.0
8 15 857.0
8 16 716.0
8 17 536.0
8 18 584.0
8 19 967.0
8 20 514.0
8 21 703.0
8 22 542.0
8 23 556.0
8 24 649.0
8 25 558.0
8 26 576.0
8 27 553.0
8 28 585.0
8 29 689.0

9 0 86.0
9 1 676.0
9 2 951.0
9 3 759.0
9 4 876.0
9 5 967.0
9 6 1003.0
9 7 1478.0
9 8 1162.0
9 9 1028.0
9 10 1043.0
9 11 927.0
9 12 715.0
9 13 1031.0
9 14 641.0
9 15 857.0
9 16 716.0
9 17 536.0
9 18 584.0
9 19 967.0
9 20 514.0
9 21 703.0
9 22 542.0
9 23 556.0
9 24 649.0
9 25 558.0
9 26 576.0
9 27 553.0
9 28 585.0
9 29 689.0

10 0 86.0
10 1 676.0
10 2 951.0
10 3 759.0
10 4 901.0
10 5 967.0
10 6 1003.0
10 7 1582.0
10 8 1160.0
10 9 1010.0
10 10 1062.0
10 11 927.0
10 12 715.0
10 13 1050.0
10 14 649.0
10 15 880.0
10 16 736.0
10 17 557.0
10 18 616.0
10 19 989.0
10 20 521.0
10 21 721.0
10 22 544.0
10 23 558.0
10 24 658.0
10 25 562.0
10 26 580.0
10 27 559.0
10 28 598.0
10 29 727.0

11 0 895.0
11 1 889.0
11 2 951.0
11 3 759.0
11 4 876.0
11 5 967.0
11 6 1003.0
11 7 1419.0
11 8 1133.0
11 9 981.0
11 10 1033.0
11 11 933.0
11 12 715.0
11 13 1031.0
11 14 641.0
11 15 857.0
11 16 716.0
11 17 536.0
11 18 584.0
11 19 967.0
11 20 514.0
11 21 703.0
11 22 542.0
11 23 556.0
11 24 649.0
11 25 558.0
11 26 576.0
11 27 553.0
11 28 585.0
11 29 689.0

12 0 86.0
12 1 676.0
12 2 951.0
12 3 759.0
12 4 876.0
12 5 967.0
12 6 1003.0
12 7 1318.0
12 8 1004.0
12 9 966.0
12 10 1031.0
12 11 914.0
12 12 753.0
12 13 1031.0
12 14 641.0
12 15 885.0
12 16 716.0
12 17 536.0
12 18 587.0
12 19 967.0
12 20 514.0
12 21 703.0
12 22 542.0
12 23 556.0
12 24 649.0
12 25 558.0
12 26 576.0
12 27 553.0
12 28 585.0
12 29 689.0

13 0 86.0
13 1 676.0
13 2 951.0
13 3 759.0
13 4 901.0
13 5 967.0
13 6 1003.0
13 7 1436.0
13 8 1004.0
13 9 966.0
13 10 1050.0
13 11 914.0
13 12 715.0
13 13 1050.0
13 14 649.0
13 15 880.0
13 16 736.0
13 17 557.0
13 18 616.0
13 19 989.0
13 20 521.0
13 21 721.0
13 22 544.0
13 23 558.0
13 24 658.0
13 25 562.0
13 26 580.0
13 27 559.0
13 28 598.0
13 29 727.0

14 0 86.0
14 1 676.0
14 2 951.0
14 3 759.0
14 4 901.0
14 5 967.0
14 6 1003.0
14 7 1436.0
14 8 1004.0
14 9 966.0
14 10 1050.0
14 11 914.0
14 12 715.0
14 13 1050.0
14 14 658.0
14 15 891.0
14 16 736.0
14 17 557.0
14 18 616.0
14 19 989.0
14 20 521.0
14 21 721.0
14 22 544.0
14 23 558.0
14 24 658.0
14 25 562.0
14 26 580.0
14 27 559.0
14 28 598.0
14 29 727.0

15 0 86.0
15 1 676.0
15 2 951.0
15 3 759.0
15 4 901.0
15 5 967.0
15 6 1003.0
15 7 1436.0
15 8 1004.0
15 9 966.0
15 10 1050.0
15 11 914.0
15 12 753.0
15 13 1050.0
15 14 658.0
15 15 919.0
15 16 736.0
15 17 557.0
15 18 619.0
15 19 989.0
15 20 521.0
15 21 721.0
15 22 544.0
15 23 558.0
15 24 658.0
15 25 562.0
15 26 580.0
15 27 559.0
15 28 598.0
15 29 727.0

16 0 86.0
16 1 676.0
16 2 951.0
16 3 759.0
16 4 901.0
16 5 967.0
16 6 1003.0
16 7 1436.0
16 8 1004.0
16 9 966.0
16 10 1050.0
16 11 914.0
16 12 715.0
16 13 1050.0
16 14 649.0
16 15 880.0
16 16 781.0
16 17 567.0
16 18 625.0
16 19 1000.0
16 20 524.0
16 21 723.0
16 22 549.0
16 23 560.0
16 24 658.0
16 25 562.0
16 26 580.0
16 27 559.0
16 28 598.0
16 29 727.0

17 0 86.0
17 1 676.0
17 2 951.0
17 3 759.0
17 4 901.0
17 5 967.0
17 6 1003.0
17 7 1436.0
17 8 1004.0
17 9 966.0
17 10 1050.0
17 11 914.0
17 12 715.0
17 13 1050.0
17 14 649.0
17 15 880.0
17 16 781.0
17 17 570.0
17 18 625.0
17 19 1000.0
17 20 525.0
17 21 723.0
17 22 549.0
17 23 560.0
17 24 658.0
17 25 562.0
17 26 580.0
17 27 559.0
17 28 598.0
17 29 727.0

18 0 86.0
18 1 676.0
18 2 951.0
18 3 759.0
18 4 901.0
18 5 967.0
18 6 1003.0
18 7 1436.0
18 8 1004.0
18 9 966.0
18 10 1050.0
18 11 914.0
18 12 753.0
18 13 1050.0
18 14 649.0
18 15 908.0
18 16 781.0
18 17 567.0
18 18 636.0
18 19 1000.0
18 20 524.0
18 21 723.0
18 22 549.0
18 23 563.0
18 24 658.0
18 25 562.0
18 26 580.0
18 27 559.0
18 28 603.0
18 29 727.0

19 0 86.0
19 1 676.0
19 2 951.0
19 3 759.0
19 4 901.0
19 5 967.0
19 6 1003.0
19 7 1436.0
19 8 1004.0
19 9 966.0
19 10 1050.0
19 11 914.0
19 12 715.0
19 13 1050.0
19 14 649.0
19 15 880.0
19 16 781.0
19 17 567.0
19 18 625.0
19 19 1037.0
19 20 524.0
19 21 723.0
19 22 551.0
19 23 621.0
19 24 665.0
19 25 562.0
19 26 580.0
19 27 564.0
19 28 598.0
19 29 736.0

20 0 86.0
20 1 676.0
20 2 951.0
20 3 759.0
20 4 901.0
20 5 967.0
20 6 845.0
20 7 1158.0
20 8 869.0
20 9 788.0
20 10 855.0
20 11 849.0
20 12 699.0
20 13 934.0
20 14 523.0
20 15 871.0
20 16 771.0
20 17 540.0
20 18 620.0
20 19 973.0
20 20 525.0
20 21 723.0
20 22 549.0
20 23 560.0
20 24 658.0
20 25 562.0
20 26 580.0
20 27 559.0
20 28 598.0
20 29 727.0

21 0 49.0
21 1 643.0
21 2 938.0
21 3 738.0
21 4 858.0
21 5 956.0
21 6 843.0
21 7 1148.0
21 8 843.0
21 9 740.0
21 10 819.0
21 11 810.0
21 12 680.0
21 13 920.0
21 14 478.0
21 15 866.0
21 16 750.0
21 17 529.0
21 18 608.0
21 19 952.0
21 20 522.0
21 21 741.0
21 22 573.0
21 23 583.0
21 24 656.0
21 25 558.0
21 26 612.0
21 27 554.0
21 28 601.0
21 29 729.0

22 0 86.0
22 1 676.0
22 2 951.0
22 3 759.0
22 4 901.0
22 5 967.0
22 6 845.0
22 7 1158.0
22 8 869.0
22 9 788.0
22 10 855.0
22 11 849.0
22 12 699.0
22 13 934.0
22 14 523.0
22 15 871.0
22 16 771.0
22 17 539.0
22 18 620.0
22 19 985.0
22 20 524.0
22 21 741.0
22 22 580.0
22 23 648.0
22 24 667.0
22 25 568.0
22 26 613.0
22 27 568.0
22 28 602.0
22 29 739.0

23 0 86.0
23 1 676.0
23 2 951.0
23 3 759.0
23 4 901.0
23 5 967.0
23 6 845.0
23 7 1158.0
23 8 869.0
23 9 788.0
23 10 855.0
23 11 849.0
23 12 699.0
23 13 934.0
23 14 523.0
23 15 871.0
23 16 771.0
23 17 539.0
23 18 628.0
23 19 985.0
23 20 524.0
23 21 741.0
23 22 580.0
23 23 651.0
23 24 667.0
23 25 568.0
23 26 613.0
23 27 568.0
23 28 607.0
23 29 739.0

24 0 86.0
24 1 676.0
24 2 951.0
24 3 759.0
24 4 901.0
24 5 967.0
24 6 845.0
24 7 1158.0
24 8 869.0
24 9 788.0
24 10 855.0
24 11 849.0
24 12 699.0
24 13 934.0
24 14 523.0
24 15 871.0
24 16 726.0
24 17 529.0
24 18 611.0
24 19 974.0
24 20 521.0
24 21 739.0
24 22 575.0
24 23 646.0
24 24 667.0
24 25 568.0
24 26 613.0
24 27 568.0
24 28 602.0
24 29 739.0

25 0 86.0
25 1 676.0
25 2 951.0
25 3 759.0
25 4 901.0
25 5 967.0
25 6 845.0
25 7 1158.0
25 8 869.0
25 9 788.0
25 10 855.0
25 11 849.0
25 12 699.0
25 13 934.0
25 14 523.0
25 15 871.0
25 16 726.0
25 17 529.0
25 18 611.0
25 19 962.0
25 20 521.0
25 21 739.0
25 22 573.0
25 23 585.0
25 24 660.0
25 25 568.0
25 26 613.0
25 27 563.0
25 28 602.0
25 29 730.0

26 0 86.0
26 1 676.0
26 2 951.0
26 3 759.0
26 4 901.0
26 5 967.0
26 6 845.0
26 7 1158.0
26 8 869.0
26 9 788.0
26 10 855.0
26 11 849.0
26 12 699.0
26 13 934.0
26 14 523.0
26 15 871.0
26 16 726.0
26 17 529.0
26 18 611.0
26 19 962.0
26 20 521.0
26 21 739.0
26 22 573.0
26 23 585.0
26 24 660.0
26 25 568.0
26 26 613.0
26 27 563.0
26 28 602.0
26 29 730.0

27 0 86.0
27 1 676.0
27 2 951.0
27 3 759.0
27 4 901.0
27 5 967.0
27 6 845.0
27 7 1158.0
27 8 869.0
27 9 788.0
27 10 855.0
27 11 849.0
27 12 699.0
27 13 934.0
27 14 523.0
27 15 871.0
27 16 726.0
27 17 529.0
27 18 611.0
27 19 974.0
27 20 521.0
27 21 739.0
27 22 575.0
27 23 646.0
27 24 667.0
27 25 568.0
27 26 613.0
27 27 596.0
27 28 635.0
27 29 758.0

28 0 86.0
28 1 676.0
28 2 951.0
28 3 759.0
28 4 901.0
28 5 967.0
28 6 845.0
28 7 1158.0
28 8 869.0
28 9 788.0
28 10 855.0
28 11 849.0
28 12 699.0
28 13 934.0
28 14 523.0
28 15 871.0
28 16 726.0
28 17 529.0
28 18 619.0
28 19 962.0
28 20 521.0
28 21 739.0
28 22 573.0
28 23 588.0
28 24 660.0
28 25 568.0
28 26 613.0
28 27 591.0
28 28 665.0
28 29 760.0

29 0 86.0
29 1 676.0
29 2 951.0
29 3 759.0
29 4 901.0
29 5 967.0
29 6 845.0
29 7 1158.0
29 8 869.0
29 9 788.0
29 10 855.0
29 11 849.0
29 12 699.0
29 13 934.0
29 14 523.0
29 15 871.0
29 16 726.0
29 17 529.0
29 18 611.0
29 19 974.0
29 20 521.0
29 21 739.0
29 22 575.0
29 23 646.0
29 24 667.0
29 25 568.0
29 26 613.0
29 27 593.0
29 28 646.0
29 29 771.0

