0 5 1690
0 1 1022
0 13 83
0 23 138
0 4 57
0 46 45
0 73 5
0 80 11
0 102 8
0 37 13
0 101 4
0 67 13
0 47 1
1 5 2585
1 13 75
1 118 25
1 67 11
1 23 8
1 45 2
2 5 2785
2 224 651
2 118 118
2 298 235
2 13 50
2 135 76
2 232 24
2 237 16
2 311 4
3 5 2304
3 224 365
3 13 113
3 118 19
3 298 25
3 1 5
3 135 35
3 54 15
3 237 3
3 319 1
4 5 2178
4 224 251
4 13 76
4 118 37
4 227 38
4 145 9
5 5 1963
5 118 61
5 13 41
5 224 48
5 227 31
5 504 60
5 179 8
5 145 11
5 991 1
5 989 2
6 5 2055
6 118 66
6 13 30
6 224 31
6 529 16
6 530 12
6 684 12
6 504 19
6 993 9
6 991 1
7 5 1857
7 684 63
7 530 63
7 179 3
7 118 12
7 13 10
7 504 8
8 5 1727
8 684 41
8 13 14
8 118 15
8 867 2
8 530 10
8 1000 3
9 5 1747
9 118 66
9 179 127
9 13 11
9 684 13
9 867 59
9 530 11
9 822 23
9 602 10
9 1017 10
9 980 2
9 1016 2
9 1000 8
9 1011 2
9 898 1
9 988 1
10 5 114
