0 0 3090.0
0 1 2679.0
0 2 2835.0
0 3 2422.0
0 4 2254.0
0 5 2004.0
0 6 2085.0
0 7 1867.0
0 8 1741.0
0 9 1758.0

1 0 1924.0
1 1 2706.0
1 2 2953.0
1 3 2436.0
1 4 2291.0
1 5 2065.0
1 6 2151.0
1 7 1879.0
1 8 1756.0
1 9 1824.0

2 0 1773.0
2 1 2685.0
2 2 3959.0
2 3 2864.0
2 4 2542.0
2 5 2113.0
2 6 2182.0
2 7 1879.0
2 8 1756.0
2 9 1824.0

3 0 2795.0
3 1 2685.0
3 2 3931.0
3 3 2885.0
3 4 2542.0
3 5 2113.0
3 6 2182.0
3 7 1879.0
3 8 1756.0
3 9 1824.0

4 0 1773.0
4 1 2685.0
4 2 3604.0
4 3 2801.0
4 4 2589.0
4 5 2155.0
4 6 2182.0
4 7 1879.0
4 8 1756.0
4 9 1824.0

5 0 1773.0
5 1 2685.0
5 2 3604.0
5 3 2801.0
5 4 2589.0
5 5 2226.0
5 6 2202.0
5 7 1890.0
5 8 1756.0
5 9 1951.0

6 0 1773.0
6 1 2685.0
6 2 3604.0
6 3 2801.0
6 4 2542.0
6 5 2174.0
6 6 2251.0
6 7 2013.0
6 8 1807.0
6 9 1848.0

7 0 1773.0
7 1 2685.0
7 2 2953.0
7 3 2436.0
7 4 2291.0
7 5 2133.0
7 6 2194.0
7 7 2016.0
7 8 1807.0
7 9 1975.0

8 0 1773.0
8 1 2685.0
8 2 2953.0
8 3 2436.0
8 4 2291.0
8 5 2065.0
8 6 2175.0
8 7 2005.0
8 8 1812.0
8 9 1915.0

9 0 1773.0
9 1 2685.0
9 2 2953.0
9 3 2436.0
9 4 2291.0
9 5 2073.0
9 6 2175.0
9 7 2008.0
9 8 1812.0
9 9 2093.0

