0 0 0.546925566343
0 1 0.955284552846
0 2 0.703460469816
0 3 0.798613518198
0 4 0.841251448436
0 5 0.881850853549
0 6 0.912927587739
0 7 0.921130952381
0 8 0.953090507726
0 9 0.834687052078

1 0 0.546925566343
1 1 0.955284552846
1 2 0.703460469816
1 3 0.798613518198
1 4 0.841251448436
1 5 0.881850853549
1 6 0.912927587739
1 7 0.921130952381
1 8 0.953090507726
1 9 0.834687052078

2 0 0.546925566343
2 1 0.955284552846
2 2 0.703460469816
2 3 0.798613518198
2 4 0.841251448436
2 5 0.881850853549
2 6 0.912927587739
2 7 0.921130952381
2 8 0.953090507726
2 9 0.834687052078

3 0 0.546925566343
3 1 0.955284552846
3 2 0.703460469816
3 3 0.798613518198
3 4 0.841251448436
3 5 0.881850853549
3 6 0.912927587739
3 7 0.921130952381
3 8 0.953090507726
3 9 0.834687052078

4 0 0.546925566343
4 1 0.955284552846
4 2 0.703460469816
4 3 0.798613518198
4 4 0.841251448436
4 5 0.881850853549
4 6 0.912927587739
4 7 0.921130952381
4 8 0.953090507726
4 9 0.834687052078

5 0 0.546925566343
5 1 0.955284552846
5 2 0.703460469816
5 3 0.798613518198
5 4 0.841251448436
5 5 0.881850853549
5 6 0.912927587739
5 7 0.921130952381
5 8 0.953090507726
5 9 0.834687052078

6 0 0.546925566343
6 1 0.955284552846
6 2 0.703460469816
6 3 0.798613518198
6 4 0.841251448436
6 5 0.881850853549
6 6 0.912927587739
6 7 0.921130952381
6 8 0.953090507726
6 9 0.834687052078

7 0 0.546925566343
7 1 0.955284552846
7 2 0.703460469816
7 3 0.798613518198
7 4 0.841251448436
7 5 0.881850853549
7 6 0.912927587739
7 7 0.921130952381
7 8 0.953090507726
7 9 0.834687052078

8 0 0.546925566343
8 1 0.955284552846
8 2 0.703460469816
8 3 0.798613518198
8 4 0.841251448436
8 5 0.881850853549
8 6 0.912927587739
8 7 0.921130952381
8 8 0.953090507726
8 9 0.834687052078

9 0 0.546925566343
9 1 0.955284552846
9 2 0.703460469816
9 3 0.798613518198
9 4 0.841251448436
9 5 0.881850853549
9 6 0.912927587739
9 7 0.921130952381
9 8 0.953090507726
9 9 0.834687052078

