0 5 1811
0 1 1022
0 13 83
0 23 140
0 4 57
0 46 45
0 73 5
0 80 11
0 102 8
0 37 13
0 101 4
0 67 13
0 47 1
1 5 2805
1 224 158
1 13 77
1 118 25
1 67 11
1 23 6
1 45 2
2 5 2933
2 224 579
2 118 118
2 298 245
2 13 81
2 135 101
2 232 24
2 237 16
2 311 4
2 54 15
3 5 2606
3 224 295
3 13 97
3 118 19
3 227 38
3 1 5
3 298 15
3 135 10
3 237 3
3 319 1
4 5 2341
4 224 254
4 13 76
4 118 54
4 227 28
4 504 32
4 145 20
5 5 2146
5 118 89
5 224 60
5 13 42
5 529 16
5 530 12
5 504 43
5 227 3
5 179 8
5 993 9
5 991 1
5 989 2
6 5 1912
6 684 47
6 118 29
6 13 17
6 530 2
6 504 10
6 991 1
7 5 1993
7 13 19
7 118 18
7 684 58
7 530 68
7 179 3
7 504 2
8 5 1867
8 118 58
8 13 11
8 684 18
8 867 55
8 179 5
8 530 14
8 822 20
8 602 7
8 1000 11
8 1017 6
8 980 2
8 1016 2
8 898 1
8 1011 2
8 988 1
9 5 591
9 179 122
9 684 6
9 118 9
9 867 6
9 822 3
9 1017 4
9 602 3
