0 0 3213.0
0 1 2899.0
0 2 3014.0
0 3 2708.0
0 4 2417.0
0 5 2188.0
0 6 1929.0
0 7 2012.0
0 8 1878.0

1 0 2047.0
1 1 3084.0
1 2 3711.0
1 3 3017.0
1 4 2725.0
1 5 2337.0
1 6 1958.0
1 7 2030.0
1 8 1936.0

2 0 1894.0
2 1 3065.0
2 2 4116.0
2 3 3045.0
2 4 2725.0
2 5 2337.0
2 6 1958.0
2 7 2030.0
2 8 1936.0

3 0 2916.0
3 1 3065.0
3 2 4073.0
3 3 3089.0
3 4 2753.0
3 5 2340.0
3 6 1958.0
3 7 2030.0
3 8 1936.0

4 0 1894.0
4 1 3065.0
4 2 3711.0
4 3 3055.0
4 4 2805.0
4 5 2383.0
4 6 1968.0
4 7 2032.0
4 8 1936.0

5 0 1894.0
5 1 3065.0
5 2 3711.0
5 3 3055.0
5 4 2785.0
5 5 2431.0
5 6 1971.0
5 7 2103.0
5 8 1955.0

6 0 1894.0
6 1 2907.0
6 2 3132.0
6 3 2722.0
6 4 2503.0
6 5 2333.0
6 6 2018.0
6 7 2158.0
6 8 1968.0

7 0 1894.0
7 1 2907.0
7 2 3132.0
7 3 2722.0
7 4 2503.0
7 5 2340.0
7 6 2017.0
7 7 2161.0
7 8 1973.0

8 0 1894.0
8 1 2907.0
8 2 3132.0
8 3 2722.0
8 4 2471.0
8 5 2297.0
8 6 2007.0
8 7 2159.0
8 8 2080.0

