0 1 1022
0 5 939
0 13 70
0 4 57
0 23 100
0 46 42
0 73 5
0 80 11
0 102 8
0 37 13
0 101 4
0 47 1
1 5 1792
1 13 58
1 23 42
1 67 24
1 45 2
1 46 3
2 5 1885
2 224 158
2 13 32
2 118 25
2 23 4
3 5 2171
3 224 404
3 118 118
3 298 224
3 135 72
3 13 17
3 232 24
3 237 16
3 311 4
4 5 1626
4 224 382
4 13 103
4 118 19
4 298 23
4 135 39
4 54 15
4 237 3
5 5 1742
5 13 58
5 224 88
5 227 38
5 1 5
5 298 13
5 319 1
6 5 1438
6 224 236
6 13 59
6 118 37
6 145 9
7 5 1536
7 118 54
7 13 31
7 224 23
7 227 28
7 504 53
7 145 11
7 989 2
8 5 1513
8 118 52
8 224 55
8 13 28
8 529 16
8 530 12
8 227 3
8 504 22
8 179 8
8 993 9
8 991 1
9 5 1278
9 118 27
9 684 18
9 13 12
9 504 5
9 991 1
10 5 1282
10 684 56
10 530 63
10 179 3
10 13 10
10 118 6
10 504 7
11 5 1345
11 13 14
11 118 14
11 684 31
11 530 7
12 5 1191
12 118 14
12 13 10
12 684 15
12 179 5
12 867 37
12 530 5
12 822 12
12 1000 11
12 602 2
12 1011 2
12 898 1
12 988 1
13 5 1267
13 179 122
13 118 53
13 684 9
13 867 24
13 13 1
13 530 9
13 822 11
13 1017 10
13 602 8
13 980 2
13 1016 2
