0 0 2272.0
0 1 1895.0
0 2 1921.0
0 3 2188.0
0 4 1729.0
0 5 1805.0
0 6 1497.0
0 7 1567.0
0 8 1541.0
0 9 1290.0
0 10 1292.0
0 11 1359.0
0 12 1201.0

1 0 1151.0
1 1 1921.0
1 2 1921.0
1 3 2188.0
1 4 1729.0
1 5 1800.0
1 6 1497.0
1 7 1567.0
1 8 1541.0
1 9 1290.0
1 10 1292.0
1 11 1359.0
1 12 1201.0

2 0 1109.0
2 1 1892.0
2 2 2104.0
2 3 2710.0
2 4 2130.0
2 5 1888.0
2 6 1770.0
2 7 1644.0
2 8 1648.0
2 9 1317.0
2 10 1298.0
2 11 1373.0
2 12 1215.0

3 0 1009.0
3 1 1850.0
3 2 2100.0
3 3 3050.0
3 4 2195.0
3 5 1901.0
3 6 1770.0
3 7 1644.0
3 8 1648.0
3 9 1317.0
3 10 1298.0
3 11 1373.0
3 12 1215.0

4 0 1009.0
4 1 1850.0
4 2 2100.0
4 3 3022.0
4 4 2210.0
4 5 1901.0
4 6 1770.0
4 7 1644.0
4 8 1648.0
4 9 1317.0
4 10 1298.0
4 11 1373.0
4 12 1215.0

5 0 2031.0
5 1 1850.0
5 2 2075.0
5 3 2816.0
5 4 2134.0
5 5 1945.0
5 6 1733.0
5 7 1618.0
5 8 1599.0
5 9 1290.0
5 10 1292.0
5 11 1359.0
5 12 1201.0

6 0 1009.0
6 1 1850.0
6 2 2100.0
6 3 2710.0
6 4 2130.0
6 5 1888.0
6 6 1779.0
6 7 1655.0
6 8 1648.0
6 9 1317.0
6 10 1298.0
6 11 1373.0
6 12 1215.0

7 0 1009.0
7 1 1850.0
7 2 2100.0
7 3 2710.0
7 4 2130.0
7 5 1926.0
7 6 1779.0
7 7 1738.0
7 8 1673.0
7 9 1322.0
7 10 1305.0
7 11 1373.0
7 12 1215.0

8 0 1009.0
8 1 1850.0
8 2 2100.0
8 3 2710.0
8 4 2130.0
8 5 1926.0
8 6 1770.0
8 7 1725.0
8 8 1719.0
8 9 1323.0
8 10 1371.0
8 11 1380.0
8 12 1225.0

9 0 1009.0
9 1 1850.0
9 2 1942.0
9 3 2306.0
9 4 1748.0
9 5 1800.0
9 6 1534.0
9 7 1674.0
9 8 1616.0
9 9 1341.0
9 10 1361.0
9 11 1404.0
9 12 1230.0

10 0 1009.0
10 1 1850.0
10 2 1942.0
10 3 2306.0
10 4 1748.0
10 5 1800.0
10 6 1534.0
10 7 1674.0
10 8 1635.0
10 9 1340.0
10 10 1427.0
10 11 1411.0
10 12 1240.0

11 0 1009.0
11 1 1850.0
11 2 1942.0
11 3 2306.0
11 4 1748.0
11 5 1800.0
11 6 1534.0
11 7 1621.0
11 8 1605.0
11 9 1335.0
11 10 1417.0
11 11 1411.0
11 12 1235.0

12 0 1009.0
12 1 1850.0
12 2 1942.0
12 3 2306.0
12 4 1748.0
12 5 1800.0
12 6 1534.0
12 7 1621.0
12 8 1613.0
12 9 1335.0
12 10 1420.0
12 11 1411.0
12 12 1306.0

