0 0 497.0
0 1 463.0
0 2 124.0
0 3 6.0
0 4 0.0
0 5 0.0
0 6 5.0
0 7 0.0
0 8 0.0
0 9 0.0

1 0 401.0
1 1 484.0
1 2 141.0
1 3 4.0
1 4 0.0
1 5 0.0
1 6 5.0
1 7 0.0
1 8 0.0
1 9 0.0

2 0 271.0
2 1 443.0
2 2 142.0
2 3 41.0
2 4 39.0
2 5 59.0
2 6 18.0
2 7 20.0
2 8 3.0
2 9 9.0

3 0 314.0
3 1 409.0
3 2 116.0
3 3 67.0
3 4 223.0
3 5 590.0
3 6 971.0
3 7 429.0
3 8 68.0
3 9 37.0

4 0 0.0
4 1 0.0
4 2 1.0
4 3 53.0
4 4 223.0
4 5 590.0
4 6 971.0
4 7 429.0
4 8 68.0
4 9 37.0

5 0 0.0
5 1 0.0
5 2 1.0
5 3 53.0
5 4 223.0
5 5 621.0
5 6 1060.0
5 7 490.0
5 8 89.0
5 9 37.0

6 0 7.0
6 1 2.0
6 2 2.0
6 3 53.0
6 4 223.0
6 5 621.0
6 6 1086.0
6 7 500.0
6 8 89.0
6 9 37.0

7 0 0.0
7 1 0.0
7 2 1.0
7 3 53.0
7 4 223.0
7 5 621.0
7 6 1077.0
7 7 512.0
7 8 89.0
7 9 37.0

8 0 0.0
8 1 0.0
8 2 1.0
8 3 53.0
8 4 223.0
8 5 621.0
8 6 1060.0
8 7 490.0
8 8 89.0
8 9 37.0

9 0 0.0
9 1 0.0
9 2 1.0
9 3 53.0
9 4 223.0
9 5 590.0
9 6 971.0
9 7 429.0
9 8 68.0
9 9 37.0

