0 1 13
1 2 4
1 3 7
1 1 10
1 4 1
2 4 54
2 1 23
2 7 4
2 2 2
2 6 2
2 3 5
2 5 6
3 1 48
3 4 32
3 3 19
3 6 2
4 4 41
4 3 23
4 11 7
4 12 7
4 1 4
4 6 3
4 10 2
4 8 2
4 7 1
4 9 1
5 4 94
5 3 8
5 1 8
5 11 3
5 12 3
5 14 2
5 13 3
5 10 1
5 2 1
6 4 45
6 13 8
6 3 3
6 5 9
6 11 2
6 12 2
7 4 86
7 15 17
7 1 5
7 11 5
7 5 2
7 12 5
8 4 48
8 1 7
8 15 2
8 12 11
8 5 1
9 4 72
9 6 2
9 12 6
10 4 44
10 15 2
10 11 2
11 4 93
11 5 4
12 4 70
12 15 4
12 5 4
12 6 1
13 4 19
13 15 8
13 16 1
14 4 9
14 15 5
15 4 29
15 5 8
16 4 11
17 4 10
18 4 15
19 16 2
20 16 6
20 3 2
20 4 2
20 17 1
21 16 3
22 16 6
22 4 2
23 16 15
23 19 6
23 18 1
24 20 40
24 16 5
25 20 43
25 16 5
26 20 36
26 16 13
27 20 42
27 16 3
28 16 6
28 20 3
29 16 7
29 20 5
30 20 33
30 16 9
31 20 38
31 16 10
32 20 20
32 16 1
33 20 60
33 21 16
33 16 10
34 20 167
34 16 26
34 21 2
35 20 117
35 16 4
36 20 198
36 21 37
36 16 12
37 20 221
37 16 5
37 21 2
38 20 254
38 21 2
39 20 80
39 21 10
39 22 3
40 20 190
40 21 35
40 22 12
41 20 66
41 21 12
41 23 4
41 6 5
41 22 1
42 20 120
42 22 9
42 21 6
43 20 122
43 16 9
43 22 2
43 24 2
44 20 74
44 21 3
45 20 43
45 21 11
46 20 83
46 21 21
46 24 7
46 16 11
47 20 43
47 21 24
47 24 3
50 20 17
50 21 2
51 20 41
52 16 3
52 20 1
53 21 17
53 20 4
54 20 4
54 21 2
55 20 16
56 16 9
56 20 2
59 20 8
60 20 2
